% undirected
% 380 1828
1 2 1
1 3 1
1 4 1
1 5 1
1 16 1
1 44 1
1 113 1
1 131 1
1 250 1
1 259 1
2 1 1
2 3 1
3 1 1
3 2 1
4 1 1
4 5 1
4 13 1
4 14 1
4 15 1
4 16 1
4 44 1
4 45 1
4 46 1
4 47 1
4 61 1
4 126 1
4 127 1
4 128 1
4 146 1
4 152 1
4 153 1
4 154 1
4 164 1
4 165 1
4 166 1
4 176 1
4 177 1
4 249 1
4 250 1
4 274 1
4 313 1
4 314 1
4 323 1
4 324 1
4 330 1
4 371 1
4 373 1
4 374 1
5 1 1
5 4 1
5 15 1
5 16 1
5 44 1
5 45 1
5 46 1
5 47 1
5 176 1
5 177 1
5 199 1
5 201 1
5 202 1
5 204 1
5 231 1
5 235 1
5 236 1
5 237 1
5 238 1
5 249 1
5 250 1
5 254 1
5 298 1
5 313 1
5 314 1
5 373 1
5 374 1
6 7 1
6 8 1
7 6 1
7 8 1
7 190 1
7 191 1
7 192 1
7 193 1
8 6 1
8 7 1
8 26 1
8 62 1
8 63 1
8 64 1
8 65 1
8 137 1
8 189 1
8 342 1
8 343 1
8 344 1
9 10 1
9 11 1
9 12 1
10 9 1
10 11 1
10 12 1
10 67 1
10 68 1
10 69 1
11 9 1
11 10 1
11 12 1
12 9 1
12 10 1
12 11 1
13 4 1
13 14 1
13 15 1
13 16 1
13 17 1
13 18 1
13 19 1
13 20 1
13 274 1
14 4 1
14 13 1
14 15 1
14 16 1
15 4 1
15 5 1
15 13 1
15 14 1
15 16 1
15 45 1
15 46 1
15 47 1
15 176 1
15 177 1
15 278 1
15 279 1
15 334 1
15 366 1
15 367 1
15 368 1
16 1 1
16 4 1
16 5 1
16 13 1
16 14 1
16 15 1
16 45 1
16 46 1
16 47 1
16 153 1
16 154 1
16 176 1
16 177 1
16 249 1
16 250 1
16 313 1
16 314 1
16 323 1
16 324 1
16 371 1
16 373 1
17 13 1
17 18 1
17 29 1
17 58 1
17 172 1
17 201 1
17 258 1
17 261 1
17 365 1
18 13 1
18 17 1
18 58 1
18 172 1
18 201 1
18 258 1
18 261 1
18 365 1
19 13 1
19 20 1
19 208 1
20 13 1
20 19 1
21 22 1
21 23 1
21 24 1
21 33 1
21 109 1
21 220 1
21 221 1
21 232 1
21 233 1
21 268 1
21 287 1
21 288 1
22 21 1
22 23 1
22 24 1
23 21 1
23 22 1
23 24 1
23 50 1
23 51 1
23 52 1
23 54 1
23 55 1
23 220 1
23 227 1
23 228 1
24 21 1
24 22 1
24 23 1
24 79 1
24 140 1
24 220 1
24 229 1
24 232 1
24 233 1
24 268 1
25 26 1
25 27 1
25 28 1
26 8 1
26 25 1
26 27 1
26 28 1
26 40 1
26 95 1
26 104 1
26 105 1
26 106 1
26 107 1
26 108 1
26 124 1
26 125 1
26 155 1
26 197 1
26 198 1
26 231 1
26 234 1
26 251 1
26 273 1
26 295 1
26 296 1
26 297 1
26 306 1
26 315 1
26 316 1
26 317 1
27 25 1
27 26 1
27 28 1
28 25 1
28 26 1
28 27 1
29 17 1
30 31 1
30 32 1
30 33 1
30 34 1
30 35 1
30 36 1
30 51 1
30 76 1
30 219 1
31 30 1
31 32 1
31 33 1
31 34 1
32 30 1
32 31 1
32 33 1
32 34 1
32 35 1
32 36 1
32 51 1
32 76 1
32 216 1
32 217 1
32 218 1
32 219 1
32 307 1
32 369 1
32 370 1
33 21 1
33 30 1
33 31 1
33 32 1
33 34 1
33 35 1
33 36 1
33 109 1
33 219 1
33 220 1
33 221 1
34 30 1
34 31 1
34 32 1
34 33 1
35 30 1
35 32 1
35 33 1
35 36 1
35 219 1
36 30 1
36 32 1
36 33 1
36 35 1
37 38 1
38 37 1
38 304 1
38 305 1
39 40 1
40 26 1
40 39 1
40 173 1
40 174 1
40 175 1
40 239 1
40 240 1
40 282 1
40 326 1
41 42 1
41 43 1
41 241 1
41 242 1
41 243 1
41 244 1
42 41 1
42 43 1
42 52 1
42 170 1
42 241 1
42 242 1
42 243 1
42 244 1
42 275 1
42 276 1
42 277 1
42 364 1
43 41 1
43 42 1
43 275 1
43 276 1
43 277 1
44 1 1
44 4 1
44 5 1
44 66 1
45 4 1
45 5 1
45 15 1
45 16 1
45 46 1
45 47 1
45 176 1
45 177 1
45 323 1
45 324 1
46 4 1
46 5 1
46 15 1
46 16 1
46 45 1
46 47 1
46 176 1
46 177 1
47 4 1
47 5 1
47 15 1
47 16 1
47 45 1
47 46 1
47 176 1
47 177 1
48 49 1
49 48 1
49 67 1
49 74 1
49 181 1
49 182 1
49 183 1
49 226 1
50 23 1
50 51 1
50 52 1
50 53 1
51 23 1
51 30 1
51 32 1
51 50 1
51 52 1
51 76 1
51 95 1
51 100 1
51 160 1
51 169 1
51 170 1
51 307 1
51 308 1
51 322 1
51 337 1
52 23 1
52 42 1
52 50 1
52 51 1
52 76 1
52 100 1
52 116 1
52 117 1
52 169 1
52 170 1
52 266 1
52 267 1
52 291 1
52 364 1
53 50 1
53 170 1
54 23 1
54 55 1
55 23 1
55 54 1
56 57 1
56 100 1
56 110 1
56 194 1
56 195 1
57 56 1
58 17 1
58 18 1
58 59 1
58 60 1
59 58 1
59 60 1
60 58 1
60 59 1
60 304 1
60 357 1
60 358 1
60 359 1
61 4 1
61 164 1
61 165 1
61 166 1
62 8 1
62 63 1
62 64 1
62 65 1
63 8 1
63 62 1
63 64 1
64 8 1
64 62 1
64 63 1
65 8 1
65 62 1
65 264 1
65 265 1
65 299 1
65 300 1
65 301 1
65 302 1
65 345 1
65 346 1
66 44 1
66 100 1
66 101 1
66 102 1
66 110 1
66 111 1
67 10 1
67 49 1
67 68 1
67 69 1
67 70 1
67 71 1
67 72 1
67 73 1
67 74 1
67 75 1
67 80 1
67 81 1
67 121 1
67 122 1
67 123 1
67 169 1
67 248 1
67 285 1
67 363 1
68 10 1
68 67 1
68 69 1
68 80 1
68 81 1
69 10 1
69 67 1
69 68 1
69 70 1
69 71 1
69 75 1
69 80 1
69 81 1
69 285 1
70 67 1
70 69 1
70 71 1
70 72 1
70 73 1
70 75 1
70 119 1
70 150 1
70 214 1
70 303 1
70 328 1
70 329 1
70 348 1
70 349 1
70 350 1
70 351 1
70 378 1
70 379 1
71 67 1
71 69 1
71 70 1
71 72 1
71 73 1
71 75 1
72 67 1
72 70 1
72 71 1
72 73 1
72 119 1
72 303 1
73 67 1
73 70 1
73 71 1
73 72 1
73 150 1
74 49 1
74 67 1
75 67 1
75 69 1
75 70 1
75 71 1
75 285 1
76 30 1
76 32 1
76 51 1
76 52 1
76 169 1
76 170 1
77 78 1
77 79 1
78 77 1
78 79 1
79 24 1
79 77 1
79 78 1
80 67 1
80 68 1
80 69 1
80 81 1
81 67 1
81 68 1
81 69 1
81 80 1
81 121 1
81 122 1
81 123 1
82 83 1
82 84 1
82 85 1
82 86 1
82 87 1
82 88 1
82 89 1
83 82 1
83 84 1
83 85 1
83 86 1
83 87 1
83 88 1
83 89 1
83 262 1
83 263 1
84 82 1
84 83 1
84 85 1
84 86 1
84 87 1
84 88 1
84 89 1
85 82 1
85 83 1
85 84 1
85 86 1
85 87 1
85 88 1
85 89 1
85 106 1
85 260 1
85 262 1
85 263 1
86 82 1
86 83 1
86 84 1
86 85 1
86 87 1
86 88 1
86 89 1
86 106 1
86 260 1
86 262 1
86 263 1
87 82 1
87 83 1
87 84 1
87 85 1
87 86 1
87 88 1
87 89 1
88 82 1
88 83 1
88 84 1
88 85 1
88 86 1
88 87 1
88 89 1
88 106 1
88 260 1
88 262 1
88 263 1
89 82 1
89 83 1
89 84 1
89 85 1
89 86 1
89 87 1
89 88 1
90 91 1
90 92 1
91 90 1
91 92 1
91 130 1
91 131 1
91 132 1
91 133 1
91 134 1
91 188 1
92 90 1
92 91 1
92 130 1
92 131 1
92 132 1
92 133 1
92 134 1
92 188 1
93 94 1
93 95 1
93 96 1
93 97 1
93 98 1
93 99 1
94 93 1
94 95 1
94 96 1
94 97 1
94 98 1
94 99 1
95 26 1
95 51 1
95 93 1
95 94 1
95 96 1
95 97 1
95 98 1
95 99 1
95 178 1
95 179 1
95 180 1
95 286 1
95 308 1
95 337 1
95 338 1
95 339 1
95 362 1
96 93 1
96 94 1
96 95 1
96 97 1
96 98 1
96 99 1
96 141 1
97 93 1
97 94 1
97 95 1
97 96 1
97 98 1
97 99 1
97 178 1
97 362 1
98 93 1
98 94 1
98 95 1
98 96 1
98 97 1
98 99 1
99 93 1
99 94 1
99 95 1
99 96 1
99 97 1
99 98 1
100 51 1
100 52 1
100 56 1
100 66 1
100 101 1
100 102 1
100 103 1
100 110 1
100 111 1
100 145 1
100 194 1
100 195 1
101 66 1
101 100 1
101 102 1
101 103 1
101 311 1
102 66 1
102 100 1
102 101 1
102 159 1
102 280 1
102 360 1
102 361 1
103 100 1
103 101 1
104 26 1
104 105 1
104 106 1
104 107 1
104 108 1
105 26 1
105 104 1
105 106 1
105 107 1
106 26 1
106 85 1
106 86 1
106 88 1
106 104 1
106 105 1
106 107 1
106 185 1
106 260 1
107 26 1
107 104 1
107 105 1
107 106 1
107 108 1
107 283 1
107 284 1
107 372 1
108 26 1
108 104 1
108 107 1
108 125 1
108 155 1
108 156 1
108 158 1
109 21 1
109 33 1
110 56 1
110 66 1
110 100 1
110 111 1
110 194 1
110 195 1
111 66 1
111 100 1
111 110 1
112 113 1
112 114 1
112 115 1
113 1 1
113 112 1
113 114 1
113 115 1
113 131 1
113 135 1
113 136 1
113 189 1
113 259 1
113 312 1
113 352 1
113 353 1
113 354 1
113 355 1
113 356 1
114 112 1
114 113 1
114 115 1
114 131 1
114 135 1
114 312 1
115 112 1
115 113 1
115 114 1
115 172 1
115 347 1
116 52 1
116 117 1
116 318 1
116 319 1
116 320 1
116 321 1
117 52 1
117 116 1
118 119 1
118 120 1
118 209 1
119 70 1
119 72 1
119 118 1
119 120 1
119 214 1
119 303 1
119 348 1
119 349 1
119 350 1
119 351 1
120 118 1
120 119 1
121 67 1
121 81 1
121 122 1
121 123 1
122 67 1
122 81 1
122 121 1
122 123 1
122 169 1
122 248 1
123 67 1
123 81 1
123 121 1
123 122 1
124 26 1
124 125 1
125 26 1
125 108 1
125 124 1
125 234 1
125 255 1
125 256 1
126 4 1
126 127 1
126 128 1
126 129 1
126 327 1
126 330 1
127 4 1
127 126 1
127 128 1
127 129 1
127 327 1
127 330 1
128 4 1
128 126 1
128 127 1
128 129 1
128 327 1
128 330 1
128 340 1
128 341 1
129 126 1
129 127 1
129 128 1
130 91 1
130 92 1
130 131 1
130 132 1
130 133 1
130 134 1
131 1 1
131 91 1
131 92 1
131 113 1
131 114 1
131 130 1
131 132 1
131 133 1
131 134 1
131 135 1
131 136 1
131 259 1
132 91 1
132 92 1
132 130 1
132 131 1
132 133 1
132 134 1
132 188 1
133 91 1
133 92 1
133 130 1
133 131 1
133 132 1
133 134 1
134 91 1
134 92 1
134 130 1
134 131 1
134 132 1
134 133 1
135 113 1
135 114 1
135 131 1
135 189 1
135 352 1
135 353 1
135 354 1
135 355 1
135 356 1
136 113 1
136 131 1
137 8 1
137 138 1
137 342 1
137 343 1
138 137 1
139 140 1
140 24 1
140 139 1
140 206 1
140 207 1
140 229 1
140 230 1
141 96 1
142 143 1
142 144 1
142 145 1
143 142 1
143 144 1
143 145 1
144 142 1
144 143 1
144 145 1
145 100 1
145 142 1
145 143 1
145 144 1
145 194 1
146 4 1
146 147 1
146 148 1
147 146 1
147 148 1
148 146 1
148 147 1
149 150 1
149 151 1
149 270 1
149 293 1
150 70 1
150 73 1
150 149 1
150 151 1
150 270 1
150 271 1
150 293 1
150 294 1
151 149 1
151 150 1
152 4 1
153 4 1
153 16 1
153 154 1
154 4 1
154 16 1
154 153 1
155 26 1
155 108 1
155 156 1
155 157 1
155 158 1
156 108 1
156 155 1
157 155 1
158 108 1
158 155 1
159 102 1
160 51 1
160 161 1
160 162 1
160 163 1
160 322 1
161 160 1
161 162 1
162 160 1
162 161 1
162 163 1
163 160 1
163 162 1
164 4 1
164 61 1
164 165 1
164 166 1
165 4 1
165 61 1
165 164 1
165 166 1
166 4 1
166 61 1
166 164 1
166 165 1
167 168 1
167 169 1
167 170 1
168 167 1
168 169 1
168 170 1
168 205 1
169 51 1
169 52 1
169 67 1
169 76 1
169 122 1
169 167 1
169 168 1
169 170 1
169 205 1
169 248 1
169 289 1
169 290 1
169 291 1
169 292 1
170 42 1
170 51 1
170 52 1
170 53 1
170 76 1
170 167 1
170 168 1
170 169 1
170 266 1
170 267 1
170 336 1
170 364 1
171 172 1
172 17 1
172 18 1
172 115 1
172 171 1
172 325 1
172 347 1
173 40 1
173 174 1
173 175 1
174 40 1
174 173 1
174 175 1
175 40 1
175 173 1
175 174 1
175 282 1
176 4 1
176 5 1
176 15 1
176 16 1
176 45 1
176 46 1
176 47 1
176 177 1
177 4 1
177 5 1
177 15 1
177 16 1
177 45 1
177 46 1
177 47 1
177 176 1
178 95 1
178 97 1
178 179 1
178 180 1
179 95 1
179 178 1
180 95 1
180 178 1
181 49 1
181 182 1
181 183 1
182 49 1
182 181 1
182 183 1
183 49 1
183 181 1
183 182 1
183 226 1
184 185 1
184 186 1
184 187 1
184 309 1
184 310 1
185 106 1
185 184 1
185 186 1
185 187 1
185 309 1
185 310 1
186 184 1
186 185 1
186 187 1
186 309 1
186 310 1
187 184 1
187 185 1
187 186 1
188 91 1
188 92 1
188 132 1
189 8 1
189 113 1
189 135 1
190 7 1
190 191 1
190 192 1
190 193 1
191 7 1
191 190 1
192 7 1
192 190 1
192 193 1
193 7 1
193 190 1
193 192 1
194 56 1
194 100 1
194 110 1
194 145 1
194 195 1
194 196 1
195 56 1
195 100 1
195 110 1
195 194 1
196 194 1
197 26 1
198 26 1
198 251 1
199 5 1
199 200 1
199 201 1
199 202 1
199 203 1
199 204 1
199 258 1
200 199 1
200 201 1
200 202 1
201 5 1
201 17 1
201 18 1
201 199 1
201 200 1
201 202 1
201 203 1
201 204 1
201 245 1
201 252 1
201 253 1
201 254 1
201 258 1
201 298 1
202 5 1
202 199 1
202 200 1
202 201 1
202 203 1
202 204 1
202 258 1
203 199 1
203 201 1
203 202 1
204 5 1
204 199 1
204 201 1
204 202 1
204 245 1
204 298 1
205 168 1
205 169 1
206 140 1
206 207 1
207 140 1
207 206 1
207 375 1
207 376 1
207 377 1
208 19 1
209 118 1
210 211 1
210 212 1
210 213 1
210 214 1
210 215 1
211 210 1
211 212 1
211 213 1
211 214 1
211 215 1
212 210 1
212 211 1
212 213 1
212 214 1
212 215 1
212 222 1
212 223 1
212 224 1
212 225 1
213 210 1
213 211 1
213 212 1
213 214 1
213 215 1
214 70 1
214 119 1
214 210 1
214 211 1
214 212 1
214 213 1
214 215 1
214 303 1
214 348 1
214 349 1
214 350 1
214 351 1
215 210 1
215 211 1
215 212 1
215 213 1
215 214 1
216 32 1
216 217 1
216 218 1
217 32 1
217 216 1
217 218 1
218 32 1
218 216 1
218 217 1
219 30 1
219 32 1
219 33 1
219 35 1
220 21 1
220 23 1
220 24 1
220 33 1
220 221 1
221 21 1
221 33 1
221 220 1
222 212 1
222 223 1
222 224 1
222 225 1
223 212 1
223 222 1
223 224 1
223 225 1
224 212 1
224 222 1
224 223 1
224 225 1
225 212 1
225 222 1
225 223 1
225 224 1
226 49 1
226 183 1
227 23 1
227 228 1
228 23 1
228 227 1
229 24 1
229 140 1
230 140 1
231 5 1
231 26 1
231 232 1
231 233 1
231 234 1
231 235 1
231 236 1
231 237 1
231 238 1
231 239 1
231 240 1
231 246 1
231 257 1
231 297 1
232 21 1
232 24 1
232 231 1
232 233 1
232 268 1
233 21 1
233 24 1
233 231 1
233 232 1
233 268 1
234 26 1
234 125 1
234 231 1
235 5 1
235 231 1
236 5 1
236 231 1
236 237 1
236 238 1
236 239 1
236 240 1
236 245 1
236 246 1
236 247 1
236 257 1
237 5 1
237 231 1
237 236 1
237 238 1
238 5 1
238 231 1
238 236 1
238 237 1
239 40 1
239 231 1
239 236 1
239 240 1
239 246 1
239 257 1
239 326 1
240 40 1
240 231 1
240 236 1
240 239 1
240 246 1
240 257 1
240 326 1
241 41 1
241 42 1
241 242 1
241 243 1
241 244 1
242 41 1
242 42 1
242 241 1
242 243 1
242 244 1
243 41 1
243 42 1
243 241 1
243 242 1
243 244 1
244 41 1
244 42 1
244 241 1
244 242 1
244 243 1
245 201 1
245 204 1
245 236 1
245 246 1
245 247 1
245 298 1
246 231 1
246 236 1
246 239 1
246 240 1
246 245 1
246 247 1
246 257 1
247 236 1
247 245 1
247 246 1
248 67 1
248 122 1
248 169 1
249 4 1
249 5 1
249 16 1
250 1 1
250 4 1
250 5 1
250 16 1
250 313 1
250 314 1
251 26 1
251 198 1
252 201 1
252 253 1
253 201 1
253 252 1
254 5 1
254 201 1
255 125 1
255 256 1
256 125 1
256 255 1
257 231 1
257 236 1
257 239 1
257 240 1
257 246 1
258 17 1
258 18 1
258 199 1
258 201 1
258 202 1
259 1 1
259 113 1
259 131 1
260 85 1
260 86 1
260 88 1
260 106 1
261 17 1
261 18 1
262 83 1
262 85 1
262 86 1
262 88 1
262 263 1
263 83 1
263 85 1
263 86 1
263 88 1
263 262 1
264 65 1
264 265 1
265 65 1
265 264 1
265 299 1
265 300 1
265 301 1
265 302 1
266 52 1
266 170 1
266 267 1
267 52 1
267 170 1
267 266 1
268 21 1
268 24 1
268 232 1
268 233 1
269 270 1
269 271 1
269 272 1
270 149 1
270 150 1
270 269 1
270 271 1
270 272 1
270 293 1
270 294 1
271 150 1
271 269 1
271 270 1
271 294 1
272 269 1
272 270 1
273 26 1
274 4 1
274 13 1
275 42 1
275 43 1
275 276 1
275 277 1
276 42 1
276 43 1
276 275 1
276 277 1
277 42 1
277 43 1
277 275 1
277 276 1
278 15 1
278 279 1
279 15 1
279 278 1
280 102 1
280 281 1
280 360 1
280 361 1
281 280 1
282 40 1
282 175 1
283 107 1
283 284 1
284 107 1
284 283 1
285 67 1
285 69 1
285 75 1
286 95 1
287 21 1
287 288 1
288 21 1
288 287 1
289 169 1
289 290 1
290 169 1
290 289 1
290 291 1
290 292 1
291 52 1
291 169 1
291 290 1
292 169 1
292 290 1
293 149 1
293 150 1
293 270 1
294 150 1
294 270 1
294 271 1
295 26 1
295 296 1
296 26 1
296 295 1
297 26 1
297 231 1
298 5 1
298 201 1
298 204 1
298 245 1
299 65 1
299 265 1
299 300 1
299 301 1
299 302 1
300 65 1
300 265 1
300 299 1
300 301 1
301 65 1
301 265 1
301 299 1
301 300 1
302 65 1
302 265 1
302 299 1
303 70 1
303 72 1
303 119 1
303 214 1
303 328 1
303 329 1
303 348 1
303 349 1
303 350 1
303 351 1
303 378 1
303 379 1
304 38 1
304 60 1
304 305 1
304 357 1
304 358 1
304 359 1
305 38 1
305 304 1
306 26 1
307 32 1
307 51 1
308 51 1
308 95 1
308 337 1
309 184 1
309 185 1
309 186 1
309 310 1
310 184 1
310 185 1
310 186 1
310 309 1
311 101 1
312 113 1
312 114 1
313 4 1
313 5 1
313 16 1
313 250 1
313 314 1
314 4 1
314 5 1
314 16 1
314 250 1
314 313 1
315 26 1
315 316 1
315 317 1
316 26 1
316 315 1
316 317 1
317 26 1
317 315 1
317 316 1
318 116 1
318 319 1
318 320 1
318 321 1
319 116 1
319 318 1
319 320 1
319 321 1
320 116 1
320 318 1
320 319 1
320 321 1
321 116 1
321 318 1
321 319 1
321 320 1
322 51 1
322 160 1
323 4 1
323 16 1
323 45 1
323 324 1
324 4 1
324 16 1
324 45 1
324 323 1
325 172 1
326 40 1
326 239 1
326 240 1
327 126 1
327 127 1
327 128 1
328 70 1
328 303 1
328 329 1
329 70 1
329 303 1
329 328 1
330 4 1
330 126 1
330 127 1
330 128 1
331 332 1
331 333 1
331 334 1
331 335 1
332 331 1
332 333 1
332 334 1
332 335 1
333 331 1
333 332 1
333 334 1
333 335 1
334 15 1
334 331 1
334 332 1
334 333 1
334 335 1
334 366 1
334 367 1
334 368 1
335 331 1
335 332 1
335 333 1
335 334 1
336 170 1
337 51 1
337 95 1
337 308 1
338 95 1
338 339 1
339 95 1
339 338 1
340 128 1
340 341 1
341 128 1
341 340 1
342 8 1
342 137 1
342 343 1
343 8 1
343 137 1
343 342 1
344 8 1
345 65 1
345 346 1
346 65 1
346 345 1
347 115 1
347 172 1
348 70 1
348 119 1
348 214 1
348 303 1
348 349 1
348 350 1
348 351 1
349 70 1
349 119 1
349 214 1
349 303 1
349 348 1
349 350 1
349 351 1
350 70 1
350 119 1
350 214 1
350 303 1
350 348 1
350 349 1
350 351 1
351 70 1
351 119 1
351 214 1
351 303 1
351 348 1
351 349 1
351 350 1
352 113 1
352 135 1
352 353 1
352 354 1
352 355 1
352 356 1
353 113 1
353 135 1
353 352 1
353 354 1
353 355 1
353 356 1
354 113 1
354 135 1
354 352 1
354 353 1
354 355 1
354 356 1
355 113 1
355 135 1
355 352 1
355 353 1
355 354 1
355 356 1
356 113 1
356 135 1
356 352 1
356 353 1
356 354 1
356 355 1
357 60 1
357 304 1
357 358 1
357 359 1
358 60 1
358 304 1
358 357 1
358 359 1
359 60 1
359 304 1
359 357 1
359 358 1
360 102 1
360 280 1
360 361 1
361 102 1
361 280 1
361 360 1
362 95 1
362 97 1
363 67 1
364 42 1
364 52 1
364 170 1
365 17 1
365 18 1
366 15 1
366 334 1
366 367 1
366 368 1
367 15 1
367 334 1
367 366 1
367 368 1
368 15 1
368 334 1
368 366 1
368 367 1
369 32 1
369 370 1
370 32 1
370 369 1
371 4 1
371 16 1
372 107 1
373 4 1
373 5 1
373 16 1
373 374 1
374 4 1
374 5 1
374 373 1
375 207 1
375 376 1
375 377 1
376 207 1
376 375 1
376 377 1
377 207 1
377 375 1
377 376 1
378 70 1
378 303 1
378 379 1
379 70 1
379 303 1
379 378 1
